2 0.767578 0.767677 0.0917969 0.121212 
0 0.244141 0.739394 0.0332031 0.165657 
2 0.803223 0.743434 0.0654297 0.121212 
2 0.494141 0.742424 0.105469 0.143434 
0 0.582031 0.749495 0.0253906 0.137374 
2 0.657227 0.732323 0.0371094 0.0787879 
0 0.605469 0.741414 0.0273438 0.137374 
0 0.680664 0.729293 0.015625 0.0888889 
2 0.560059 0.728283 0.0849609 0.131313 
0 0.69873 0.727273 0.0205078 0.0888889 
4 0.557129 0.727273 0.0810547 0.133333 
2 0.614746 0.725253 0.0751953 0.117172 
4 0.681152 0.70101 0.0654297 0.117172 
