     Epoch   gpu_mem      GIoU       obj       cls     total   targets     img_size                              Targets      P           R      mAP@.5
     0/299     6.58G   0.08869   0.07623   0.03295    0.1979       226       640     0.127   0.06436   0.05042   0.01876   0.06911   0.07556   0.02189
     1/299     9.26G    0.0667   0.06418   0.01917    0.1501       211       640     0.145    0.1951    0.1205   0.04751   0.05683   0.06547   0.01589
     2/299     9.27G   0.05893   0.05997   0.01625    0.1351       256       640    0.1842    0.2517    0.1679   0.06726   0.05238   0.06166   0.01397
     3/299     9.27G    0.0546   0.05722   0.01462    0.1264       214       640    0.1958    0.3274     0.213    0.0866   0.04921   0.05889   0.01242
     4/299     9.27G   0.05223   0.05545   0.01369    0.1214       292       640    0.2177    0.3452    0.2416    0.1016    0.0477   0.05728   0.01158
     5/299     9.27G   0.05087   0.05432   0.01309    0.1183       248       640    0.2274    0.3637    0.2646    0.1152   0.04665   0.05623   0.01104
     6/299     9.27G   0.04992   0.05361   0.01263    0.1162       156       640    0.2311    0.3832    0.2826    0.1253    0.0459   0.05545   0.01055
     7/299     9.27G   0.04927   0.05287   0.01226    0.1144       223       640     0.234    0.3976    0.2994     0.134   0.04538   0.05486   0.01018
     8/299     9.27G   0.04879   0.05263   0.01191    0.1133       247       640     0.235    0.4074    0.3117    0.1401   0.04487   0.05445  0.009916
     9/299     9.27G    0.0483   0.05222   0.01172    0.1122       184       640     0.236    0.4172     0.321    0.1454   0.04452   0.05403  0.009706
    10/299     9.27G   0.04796   0.05185    0.0115    0.1113       186       640    0.2403     0.425    0.3287    0.1494   0.04423   0.05376  0.009546
    11/299     9.27G   0.04768   0.05172   0.01139    0.1108       307       640    0.2425    0.4303    0.3342    0.1526   0.04398   0.05349  0.009435
    12/299     9.27G   0.04737   0.05154   0.01124    0.1102       217       640    0.2459    0.4335    0.3405    0.1554   0.04381   0.05333  0.009348
    13/299     9.27G    0.0472   0.05121    0.0112    0.1096       157       640    0.2486    0.4355    0.3437    0.1575   0.04367   0.05319  0.009282
    14/299     9.27G   0.04695   0.05114   0.01104    0.1091       171       640    0.2509     0.438     0.347    0.1591   0.04355   0.05307  0.009223
    15/299     9.27G    0.0468   0.05096   0.01095    0.1087       146       640    0.2545     0.439    0.3489    0.1605   0.04346   0.05299  0.009176
    16/299     9.27G   0.04658   0.05074   0.01078    0.1081       267       640    0.2585      0.44    0.3506    0.1618   0.04338   0.05291  0.009133
    17/299     9.27G   0.04651    0.0507   0.01083     0.108       201       640    0.2615    0.4399    0.3523    0.1628   0.04331   0.05284  0.009101
    18/299     9.27G   0.04634   0.05057   0.01073    0.1077       174       640    0.2648     0.439    0.3537    0.1635   0.04323   0.05277  0.009072
    19/299     9.27G   0.04622   0.05052   0.01062    0.1074       268       640    0.2677    0.4376    0.3552    0.1647   0.04318   0.05271  0.009047
    20/299     9.27G   0.04614   0.05029   0.01062     0.107       171       640     0.272    0.4381     0.357    0.1658   0.04312   0.05267  0.009024
    21/299     9.27G   0.04602   0.05028   0.01056    0.1069       216       640    0.2756    0.4379    0.3582     0.167   0.04307   0.05264  0.009003
    22/299     9.27G   0.04596   0.05025   0.01056    0.1068       228       640    0.2805    0.4368      0.36    0.1681   0.04302   0.05262  0.008987
    23/299     9.27G   0.04579   0.04995   0.01053    0.1063       209       640    0.2852    0.4361    0.3616    0.1693   0.04297    0.0526  0.008967
    24/299     9.27G   0.04573   0.04991   0.01047    0.1061       165       640    0.2905    0.4347    0.3635    0.1703   0.04292   0.05259  0.008948
    25/299     9.27G   0.04569   0.05006   0.01042    0.1062       160       640    0.2949     0.433    0.3645    0.1713   0.04287   0.05258  0.008928
    26/299     9.27G   0.04567   0.04996    0.0104     0.106       243       640    0.2993     0.432    0.3656    0.1723   0.04283   0.05259  0.008911
    27/299     9.27G   0.04552   0.04982   0.01036    0.1057       295       640    0.3035     0.432    0.3672    0.1732   0.04278   0.05259  0.008893
    28/299     9.27G    0.0455   0.04958   0.01039    0.1055       165       640     0.308    0.4318    0.3689    0.1742   0.04274   0.05259  0.008871
    29/299     9.27G    0.0454   0.04974   0.01028    0.1054       174       640    0.3241    0.4324    0.3708    0.1749   0.04269   0.05258  0.008844
    30/299     9.27G   0.04531   0.04968   0.01022    0.1052       150       640    0.3224    0.4327    0.3729    0.1761   0.04264   0.05257  0.008817
    31/299     9.27G   0.04525    0.0497   0.01021    0.1052       169       640    0.3299    0.4339    0.3743    0.1768   0.04258   0.05256  0.008792
    32/299     9.27G    0.0452   0.04955    0.0102    0.1049       276       640    0.3329    0.4343    0.3756    0.1777   0.04253   0.05254  0.008769
    33/299     9.27G   0.04514   0.04957   0.01019    0.1049       254       640    0.3365    0.4362    0.3777    0.1786   0.04249   0.05251  0.008744
    34/299     9.27G    0.0451    0.0495   0.01013    0.1047       266       640    0.3423    0.4379    0.3797    0.1795   0.04244   0.05248  0.008717
    35/299     9.27G   0.04504   0.04928   0.01011    0.1044       226       640    0.3469    0.4392    0.3815    0.1805   0.04239   0.05244   0.00869
    36/299     9.27G   0.04502   0.04937   0.01012    0.1045       249       640     0.348    0.4403    0.3828    0.1813   0.04234   0.05241  0.008659
    37/299     9.27G   0.04493   0.04922   0.01008    0.1042       229       640    0.3505    0.4415    0.3846     0.182   0.04229   0.05236  0.008634
    38/299     9.27G    0.0449   0.04935   0.01001    0.1043       363       640    0.3518    0.4425    0.3857     0.183   0.04224    0.0523  0.008603
    39/299     9.27G   0.04487   0.04923   0.01003    0.1041        91       640     0.352    0.4446    0.3873    0.1839   0.04218   0.05225  0.008571
    40/299     9.27G   0.04485   0.04929   0.01001    0.1042       265       640    0.3514    0.4465    0.3889    0.1846   0.04213   0.05218  0.008539
    41/299     9.27G   0.04476   0.04909  0.009991    0.1038       181       640    0.3501    0.4472    0.3903    0.1854   0.04208   0.05213  0.008507
    42/299     9.27G   0.04475   0.04925  0.009998     0.104       244       640    0.3501    0.4495    0.3914    0.1862   0.04203   0.05206  0.008481
    43/299     9.27G   0.04466   0.04909  0.009972    0.1037       188       640     0.351    0.4512    0.3927    0.1868   0.04197     0.052  0.008451
    44/299     9.27G   0.04465   0.04901  0.009954    0.1036       221       640    0.3495    0.4534    0.3938    0.1876   0.04192   0.05193  0.008427
    45/299     9.27G   0.04461   0.04898  0.009921    0.1035       223       640    0.3498    0.4551    0.3955    0.1885   0.04188   0.05186    0.0084
    46/299     9.27G    0.0446   0.04886  0.009906    0.1034       207       640    0.3495    0.4574    0.3963    0.1891   0.04183   0.05179  0.008373
    47/299     9.27G   0.04455   0.04906  0.009901    0.1035       246       640    0.3488    0.4586    0.3976    0.1897   0.04179   0.05174  0.008349
    48/299     9.27G   0.04448    0.0489  0.009828    0.1032       249       640    0.3472    0.4605    0.3983    0.1905   0.04174   0.05169  0.008324
    49/299     9.27G   0.04447   0.04885   0.00991    0.1032       236       640    0.3501    0.4636       0.4    0.1909    0.0417   0.05164  0.008298
    50/299     9.27G    0.0444   0.04884   0.00987    0.1031       246       640    0.3478    0.4655    0.4011    0.1915   0.04167   0.05158  0.008272
    51/299     9.27G   0.04438   0.04868  0.009823    0.1029       174       640    0.3456    0.4665    0.4025    0.1924   0.04163   0.05152   0.00825
    52/299     9.27G    0.0444    0.0488  0.009856    0.1031       251       640    0.3443    0.4681    0.4033     0.193   0.04159   0.05147  0.008226
    53/299     9.27G   0.04436   0.04872  0.009803    0.1029       128       640    0.3418    0.4694    0.4041    0.1936   0.04155   0.05143  0.008204
    54/299     9.27G   0.04429   0.04866  0.009829    0.1028       188       640    0.3417    0.4712    0.4047    0.1941   0.04151   0.05138  0.008183
    55/299     9.27G   0.04429   0.04876  0.009757    0.1028       288       640    0.3402    0.4732    0.4054    0.1946   0.04148   0.05133  0.008162
    56/299     9.27G   0.04427   0.04857  0.009762    0.1026       167       640     0.339    0.4746    0.4062    0.1951   0.04144   0.05128  0.008146
    57/299     9.27G   0.04419    0.0486  0.009754    0.1025       183       640    0.3389     0.476    0.4073    0.1956   0.04141   0.05123  0.008127
    58/299     9.27G   0.04424   0.04859  0.009724    0.1026       290       640    0.3392    0.4769    0.4082    0.1961   0.04137   0.05119   0.00811
    59/299     9.27G   0.04415   0.04867  0.009729    0.1026       328       640    0.3382    0.4782    0.4091    0.1964   0.04134   0.05114  0.008096
    60/299     9.27G   0.04409    0.0485   0.00968    0.1023       405       640    0.3376    0.4799      0.41    0.1969   0.04132   0.05111   0.00808
    61/299     9.27G   0.04416   0.04852    0.0097    0.1024       161       640    0.3372    0.4811    0.4108    0.1972   0.04129   0.05107  0.008064
    62/299     9.27G    0.0441   0.04847  0.009715    0.1023       193       640    0.3379    0.4817    0.4115    0.1977   0.04126   0.05103  0.008045
    63/299     9.27G   0.04407    0.0485  0.009725    0.1023       209       640    0.3357    0.4824    0.4121    0.1981   0.04124     0.051  0.008028
    64/299     9.27G   0.04403   0.04847  0.009663    0.1022       290       640     0.335    0.4842    0.4128    0.1985   0.04121   0.05097  0.008012
    65/299     9.27G   0.04403   0.04841  0.009646    0.1021       336       640    0.3339     0.486    0.4138     0.199   0.04119   0.05094     0.008
    66/299     9.27G   0.04399   0.04838   0.00962     0.102       211       640    0.3334    0.4869    0.4144    0.1992   0.04117   0.05091  0.007987
    67/299     9.27G   0.04391   0.04828  0.009638    0.1018       191       640    0.3345    0.4879     0.415    0.1997   0.04115   0.05087  0.007977
    68/299     9.27G   0.04394   0.04839  0.009617    0.1019       198       640    0.3343    0.4886    0.4158    0.2004   0.04113   0.05084  0.007966
    69/299     9.27G   0.04396   0.04831  0.009636    0.1019       358       640    0.3337    0.4888    0.4157    0.2005    0.0411   0.05081  0.007956
    70/299     9.27G   0.04389    0.0483  0.009645    0.1018       223       640    0.3323    0.4898    0.4162    0.2008   0.04107   0.05078  0.007943
    71/299     9.27G   0.04395   0.04829  0.009592    0.1018       238       640    0.3329    0.4917    0.4173    0.2014   0.04105   0.05075   0.00793
    72/299     9.27G   0.04383   0.04828  0.009564    0.1017       382       640     0.333    0.4921    0.4176    0.2016   0.04103   0.05074  0.007917
    73/299     9.27G    0.0438   0.04811  0.009546    0.1015       109       640     0.333    0.4945    0.4186     0.202   0.04101   0.05072  0.007905
    74/299     9.27G   0.04382   0.04814  0.009524    0.1015       233       640    0.3319    0.4955     0.419    0.2025   0.04099   0.05069  0.007892
    75/299     9.27G    0.0438   0.04826  0.009563    0.1016       159       640    0.3304    0.4958    0.4197    0.2027   0.04097   0.05066  0.007882
    76/299     9.27G   0.04374   0.04827  0.009584    0.1016       299       640    0.3286    0.4959    0.4195    0.2026   0.04095   0.05065  0.007871
    77/299     9.27G   0.04376   0.04809  0.009549    0.1014       266       640     0.327    0.4966    0.4202    0.2031   0.04094   0.05064  0.007861
    78/299     9.27G   0.04373   0.04802  0.009487    0.1012       194       640    0.3265    0.4968    0.4208    0.2035   0.04092   0.05062  0.007849
    79/299     9.27G   0.04373     0.048  0.009495    0.1012       205       640    0.3252    0.4977    0.4217    0.2037    0.0409   0.05061  0.007837
    80/299     9.27G   0.04367    0.0481  0.009479    0.1013       176       640     0.323    0.4984    0.4222    0.2041   0.04088   0.05059  0.007829
    81/299     9.27G   0.04362   0.04792   0.00947     0.101       268       640    0.3216     0.499    0.4226    0.2045   0.04087   0.05057  0.007821
    82/299     9.27G   0.04361   0.04809  0.009475    0.1012       185       640     0.323    0.5003    0.4231    0.2046   0.04085   0.05055  0.007811
    83/299     9.27G   0.04361   0.04799  0.009427     0.101       235       640    0.3221    0.5012    0.4235    0.2049   0.04084   0.05053  0.007801
    84/299     9.27G   0.04359   0.04798  0.009476     0.101       278       640    0.3232    0.5023    0.4234    0.2048   0.04082   0.05052  0.007794
    85/299     9.27G   0.04349   0.04791  0.009412    0.1008       283       640    0.3208    0.5019    0.4235    0.2048    0.0408   0.05049  0.007786
    86/299     9.27G   0.04359   0.04807  0.009438    0.1011       159       640    0.3205    0.5027    0.4238     0.205   0.04078   0.05047  0.007777
    87/299     9.27G   0.04349   0.04809   0.00944     0.101       146       640    0.3199    0.5041    0.4253    0.2054   0.04077   0.05046   0.00777
    88/299     9.27G   0.04351   0.04798  0.009412    0.1009       286       640     0.319    0.5046    0.4256    0.2057   0.04075   0.05044   0.00776
    89/299     9.27G   0.04345   0.04782  0.009411    0.1007       248       640    0.3187    0.5061     0.426    0.2062   0.04074   0.05042  0.007748
    90/299     9.27G   0.04346   0.04781  0.009365    0.1006       100       640    0.3187    0.5077    0.4267    0.2064   0.04072   0.05039  0.007739
    91/299     9.27G   0.04342   0.04772   0.00936    0.1005       147       640    0.3168    0.5081    0.4264    0.2066    0.0407   0.05037   0.00773
    92/299     9.27G   0.04345   0.04789   0.00938    0.1007       207       640    0.3156    0.5082    0.4265    0.2066   0.04069   0.05036  0.007725
    93/299     9.27G   0.04346   0.04788  0.009349    0.1007       230       640    0.3143     0.508    0.4271    0.2068   0.04068   0.05035  0.007716
    94/299     9.27G   0.04338    0.0478   0.00938    0.1006       204       640    0.3136    0.5091    0.4278    0.2073   0.04066   0.05032  0.007709
    95/299     9.27G   0.04333   0.04758  0.009315    0.1002        88       640     0.314    0.5096    0.4279    0.2074   0.04065    0.0503  0.007701
    96/299     9.27G   0.04339   0.04767  0.009357    0.1004       206       640    0.3137    0.5098    0.4279    0.2077   0.04064   0.05029  0.007692
    97/299     9.27G    0.0433   0.04772  0.009369    0.1004       193       640    0.3138    0.5107    0.4283    0.2079   0.04063   0.05028  0.007684
    98/299     9.27G   0.04334   0.04775  0.009308    0.1004       197       640    0.3139    0.5122    0.4289    0.2081   0.04062   0.05026  0.007678
    99/299     9.27G   0.04327    0.0477  0.009292    0.1003       160       640    0.3128    0.5131    0.4293    0.2083   0.04061   0.05025  0.007671
   100/299     9.27G   0.04326   0.04758  0.009294    0.1001       179       640    0.3122    0.5135    0.4297    0.2084    0.0406   0.05024  0.007666
   101/299     9.27G   0.04321   0.04764  0.009316    0.1002       233       640    0.3126    0.5151    0.4304    0.2088   0.04059   0.05023  0.007661
   102/299     9.27G   0.04324   0.04763  0.009311    0.1002       225       640     0.313    0.5149    0.4308     0.209   0.04058   0.05022  0.007655
   103/299     9.27G   0.04323   0.04765  0.009298    0.1002       221       640    0.3128    0.5154    0.4308     0.209   0.04056    0.0502  0.007649
   104/299     9.27G   0.04319   0.04768  0.009244    0.1001       170       640    0.3124    0.5154    0.4316    0.2093   0.04055   0.05019  0.007645
   105/299     9.27G    0.0432   0.04761   0.00927    0.1001       216       640    0.3128    0.5166    0.4319    0.2095   0.04054   0.05018  0.007636
   106/299     9.27G   0.04309   0.04741  0.009249   0.09975       191       640    0.3127    0.5175    0.4327    0.2098   0.04053   0.05017  0.007627
   107/299     9.27G   0.04316   0.04757  0.009248   0.09998       157       640    0.3111     0.518    0.4331    0.2099   0.04052   0.05017  0.007621
   108/299     9.27G   0.04305   0.04754  0.009181   0.09977       211       640    0.3109    0.5185    0.4336      0.21   0.04051   0.05016  0.007615
   109/299     9.27G   0.04314   0.04753  0.009227   0.09989       201       640    0.3119    0.5189    0.4338    0.2103    0.0405   0.05014  0.007609
   110/299     9.27G   0.04308   0.04745  0.009216   0.09975       262       640    0.3114    0.5196    0.4342    0.2105   0.04049   0.05013  0.007605
   111/299     9.27G   0.04306   0.04749  0.009209   0.09976       144       640    0.3111    0.5204     0.435    0.2107   0.04048   0.05012  0.007601
   112/299     9.27G   0.04305   0.04733  0.009201   0.09958       156       640    0.3111    0.5204    0.4343    0.2109   0.04048   0.05011  0.007594
   113/299     9.27G   0.04298   0.04731  0.009236   0.09953       200       640     0.311    0.5216    0.4354    0.2114   0.04046   0.05011  0.007587
   114/299     9.27G   0.04301    0.0474    0.0092   0.09961       326       640    0.3105    0.5216    0.4357    0.2117   0.04045   0.05009  0.007583
   115/299     9.27G   0.04297   0.04752  0.009191   0.09968       155       640    0.3094    0.5219    0.4359    0.2116   0.04044   0.05008  0.007578
   116/299     9.27G   0.04294   0.04737  0.009149   0.09945       127       640     0.309     0.522    0.4363    0.2114   0.04043   0.05007  0.007571
   117/299     9.27G   0.04293   0.04729  0.009177    0.0994       202       640    0.3079     0.522    0.4366    0.2116   0.04042   0.05006  0.007565
   118/299     9.27G   0.04297   0.04743  0.009153   0.09955       159       640    0.3076    0.5224    0.4366    0.2116   0.04041   0.05005  0.007559
   119/299     9.27G   0.04291   0.04725  0.009136   0.09929       207       640    0.3085    0.5235    0.4369     0.212    0.0404   0.05004  0.007552
   120/299     9.27G   0.04284   0.04704  0.009116   0.09899       290       640    0.3082    0.5243    0.4375    0.2121    0.0404   0.05003  0.007548
   121/299     9.27G   0.04286   0.04722  0.009072   0.09915       221       640    0.3074     0.524    0.4366    0.2121   0.04039   0.05003  0.007544
   122/299     9.27G   0.04283   0.04702  0.009099   0.09895       266       640    0.3088    0.5245    0.4374    0.2123   0.04038   0.05003  0.007537
   123/299     9.27G   0.04281   0.04715  0.009073   0.09903       258       640    0.3084    0.5254     0.438    0.2125   0.04037   0.05003  0.007528
   124/299     9.27G   0.04281   0.04719  0.009091   0.09909       297       640    0.3075    0.5248    0.4382    0.2128   0.04036   0.05002   0.00752
   125/299     9.27G   0.04275   0.04721  0.009033     0.099       208       640    0.3073    0.5249    0.4394     0.213   0.04035   0.05001  0.007514
   126/299     9.27G   0.04282   0.04718  0.009061   0.09905       203       640    0.3075    0.5271    0.4397    0.2132   0.04034   0.04999  0.007506
   127/299     9.27G   0.04271   0.04727  0.009074   0.09905       188       640    0.3074    0.5273    0.4399    0.2135   0.04033   0.04999  0.007499
   128/299     9.27G   0.04273   0.04689     0.009   0.09862       112       640    0.3065    0.5275    0.4399    0.2137   0.04032   0.04998  0.007492
   129/299     9.27G    0.0427   0.04717  0.009043   0.09891       241       640    0.3065     0.528    0.4398    0.2137    0.0403   0.04997  0.007487
   130/299     9.27G   0.04268   0.04712  0.008999    0.0988       244       640    0.3066    0.5279    0.4394    0.2137   0.04029   0.04996  0.007483
   131/299     9.27G   0.04265   0.04695  0.009035   0.09864       250       640    0.3064    0.5284    0.4395    0.2138   0.04028   0.04995  0.007479
   132/299     9.27G   0.04266     0.047  0.008997   0.09867       257       640    0.3059    0.5283     0.439    0.2137   0.04027   0.04995  0.007477
   133/299     9.27G   0.04266    0.0469  0.009023   0.09859       162       640    0.3049    0.5288     0.439    0.2136   0.04026   0.04994  0.007475
   134/299     9.27G   0.04261   0.04698  0.008982   0.09857       191       640     0.305    0.5283    0.4391    0.2139   0.04025   0.04993  0.007473
   135/299     9.27G   0.04263   0.04691  0.009004   0.09855       205       640    0.3044    0.5283    0.4396    0.2142   0.04024   0.04991  0.007468
   136/299     9.27G   0.04261     0.047  0.008977   0.09858       266       640    0.3041    0.5288    0.4399    0.2146   0.04024    0.0499  0.007466
   137/299     9.27G   0.04252   0.04689  0.008944   0.09835       266       640    0.3039    0.5281    0.4398    0.2145   0.04023   0.04988  0.007461
   138/299     9.27G   0.04258   0.04699  0.008979   0.09855       209       640    0.3052    0.5291    0.4404    0.2147   0.04022   0.04987  0.007458
   139/299     9.27G    0.0425   0.04681  0.008955   0.09826       166       640    0.3051      0.53    0.4405    0.2148    0.0402   0.04986  0.007454
   140/299     9.27G   0.04254   0.04687  0.008924   0.09834       195       640     0.305    0.5306     0.441    0.2151    0.0402   0.04985   0.00745
   141/299     9.27G   0.04248   0.04676  0.008941   0.09818       250       640    0.3042      0.53    0.4411    0.2151   0.04019   0.04984  0.007447
   142/299     9.27G   0.04244   0.04676  0.008935   0.09813       297       640    0.3046    0.5302    0.4414    0.2153   0.04019   0.04984  0.007445
   143/299     9.27G   0.04245    0.0467  0.008847     0.098       218       640    0.3052    0.5308    0.4417    0.2156   0.04019   0.04983   0.00744
   144/299     9.27G   0.04243   0.04671  0.008866   0.09801       266       640    0.3053    0.5316     0.442    0.2158   0.04018   0.04983  0.007435
   145/299     9.27G   0.04238   0.04674  0.008884   0.09801       174       640    0.3048     0.531     0.442     0.216   0.04017   0.04981   0.00743
   146/299     9.27G    0.0424   0.04677  0.008866   0.09804       234       640    0.3052    0.5314    0.4423    0.2164   0.04016   0.04981  0.007426
   147/299     9.27G   0.04238   0.04671  0.008837   0.09793       254       640    0.3055    0.5323    0.4429    0.2166   0.04015    0.0498  0.007421
   148/299     9.27G   0.04237   0.04671  0.008867   0.09795       257       640    0.3055    0.5327    0.4437    0.2169   0.04014   0.04978  0.007416
   149/299     9.27G   0.04235   0.04668   0.00884   0.09787       236       640    0.3059     0.534    0.4442     0.217   0.04013   0.04978  0.007411
   150/299     9.27G   0.04234   0.04654  0.008831   0.09771       212       640    0.3065    0.5342    0.4444     0.217   0.04012   0.04978  0.007406
   151/299     9.27G   0.04224   0.04659  0.008813   0.09765       218       640    0.3063    0.5346    0.4444     0.217   0.04012   0.04977  0.007405
   152/299     9.27G   0.04228   0.04654   0.00885   0.09767       114       640    0.3066     0.535    0.4444    0.2171   0.04011   0.04976  0.007404
   153/299     9.27G   0.04225   0.04662   0.00882    0.0977       228       640    0.3068    0.5349    0.4444     0.217    0.0401   0.04975  0.007401
   154/299     9.27G   0.04222   0.04664  0.008806   0.09767       107       640    0.3059    0.5352    0.4441     0.217   0.04009   0.04974    0.0074
   155/299     9.27G   0.04221   0.04645  0.008836    0.0975       218       640    0.3058     0.535    0.4446    0.2174   0.04008   0.04973  0.007395
   156/299     9.27G   0.04221   0.04643  0.008779   0.09742       317       640    0.3048    0.5341    0.4442    0.2174   0.04007   0.04971  0.007392
   157/299     9.27G   0.04219   0.04659  0.008767   0.09754       201       640    0.3054    0.5345    0.4443    0.2174   0.04006    0.0497  0.007388
   158/299     9.27G   0.04214   0.04644  0.008718    0.0973       263       640    0.3061    0.5337    0.4448    0.2174   0.04005   0.04969  0.007384
   159/299     9.27G   0.04213   0.04636  0.008756   0.09724       160       640    0.3069    0.5339    0.4449    0.2175   0.04004   0.04967  0.007381
   160/299     9.27G   0.04216   0.04644  0.008762   0.09736       168       640    0.3072    0.5345    0.4454    0.2177   0.04003   0.04967  0.007377
   161/299     9.27G    0.0421   0.04647  0.008725   0.09729       246       640    0.3066    0.5347    0.4458    0.2179   0.04003   0.04966  0.007372
   162/299     9.27G   0.04207   0.04635  0.008722   0.09714       245       640    0.3062    0.5348    0.4456     0.218   0.04002   0.04965  0.007369
   163/299     9.27G   0.04208   0.04638  0.008696   0.09715       215       640    0.3058     0.535    0.4455    0.2184   0.04001   0.04964  0.007366
   164/299     9.27G   0.04204   0.04636  0.008708    0.0971       210       640    0.3056    0.5348    0.4455    0.2185      0.04   0.04965   0.00736
   165/299     9.27G   0.04197   0.04632  0.008693   0.09698       278       640    0.3054    0.5352    0.4458    0.2187   0.03999   0.04964  0.007355
   166/299     9.27G   0.04199   0.04624  0.008705   0.09693       218       640    0.3054    0.5352    0.4459    0.2187   0.03999   0.04964  0.007351
   167/299     9.27G   0.04201   0.04619  0.008656   0.09686       226       640    0.3051    0.5364    0.4468     0.219   0.03998   0.04963  0.007346
   168/299     9.27G   0.04193   0.04626  0.008634   0.09682       229       640    0.3049    0.5361     0.447    0.2194   0.03997   0.04962  0.007339
   169/299     9.27G   0.04195   0.04621  0.008575   0.09673       171       640    0.3061    0.5368    0.4477    0.2197   0.03996   0.04961  0.007334
   170/299     9.27G   0.04188   0.04613  0.008615   0.09663       237       640     0.306    0.5368    0.4474    0.2198   0.03995   0.04961  0.007326
   171/299     9.27G   0.04192   0.04621  0.008632   0.09676       230       640    0.3066    0.5373    0.4474    0.2199   0.03994    0.0496  0.007322
   172/299     9.27G   0.04183   0.04614  0.008631   0.09661       267       640    0.3062    0.5374    0.4475    0.2198   0.03993   0.04959  0.007317
   173/299     9.27G   0.04185    0.0461  0.008582   0.09653       286       640    0.3065    0.5381    0.4479    0.2201   0.03992   0.04958  0.007312
   174/299     9.27G   0.04181   0.04615  0.008605   0.09657       193       640     0.306    0.5384    0.4484    0.2204   0.03991   0.04957   0.00731
   175/299     9.27G   0.04178   0.04615  0.008597   0.09653       187       640    0.3064    0.5386    0.4488    0.2206   0.03991   0.04956  0.007305
   176/299     9.27G   0.04179   0.04605  0.008577   0.09643       266       640    0.3061    0.5382    0.4488    0.2206    0.0399   0.04955    0.0073
   177/299     9.27G   0.04176   0.04602  0.008578   0.09636       226       640     0.306    0.5383    0.4487    0.2205   0.03989   0.04954  0.007295
   178/299     9.27G   0.04173   0.04592   0.00855    0.0962       357       640    0.3061    0.5387    0.4492    0.2206   0.03988   0.04953   0.00729
   179/299     9.27G   0.04172   0.04611  0.008506   0.09634       266       640    0.3063    0.5395    0.4495    0.2206   0.03988   0.04953  0.007287
   180/299     9.27G   0.04174   0.04585  0.008574   0.09616       250       640    0.3062    0.5394    0.4495    0.2206   0.03988   0.04953  0.007283
   181/299     9.27G   0.04171    0.0459  0.008497    0.0961       303       640    0.3061    0.5396    0.4497    0.2207   0.03987   0.04953  0.007278
   182/299     9.27G   0.04165   0.04588  0.008479   0.09602       360       640    0.3063    0.5404    0.4505     0.221   0.03986   0.04953  0.007274
   183/299     9.27G    0.0417   0.04591  0.008486    0.0961       188       640     0.306    0.5402    0.4508    0.2215   0.03985   0.04952  0.007271
   184/299     9.27G   0.04167   0.04588  0.008524   0.09608       178       640    0.3072    0.5409    0.4517    0.2216   0.03985   0.04951  0.007267
   185/299     9.27G    0.0416   0.04573  0.008435   0.09577       290       640    0.3073     0.541    0.4519    0.2217   0.03984    0.0495  0.007264
   186/299     9.27G   0.04154   0.04584  0.008434   0.09581       127       640    0.3069    0.5408    0.4519    0.2219   0.03983   0.04948  0.007262
   187/299     9.27G   0.04154   0.04574  0.008438   0.09573       210       640    0.3057    0.5389    0.4516    0.2217   0.03982   0.04947  0.007261
   188/299     9.27G   0.04151    0.0458  0.008456   0.09576       218       640    0.3056    0.5393    0.4515    0.2218   0.03982   0.04946  0.007256
   189/299     9.27G   0.04153    0.0457  0.008393   0.09562       294       640    0.3058    0.5402    0.4517    0.2221   0.03981   0.04945  0.007254
   190/299     9.27G   0.04152    0.0457  0.008351   0.09557       282       640    0.3058    0.5407    0.4513    0.2223    0.0398   0.04945   0.00725
   191/299     9.27G    0.0415   0.04571  0.008423   0.09564       231       640    0.3057    0.5414    0.4521    0.2224   0.03979   0.04944  0.007249
   192/299     9.27G   0.04148   0.04548  0.008396   0.09535       280       640    0.3053    0.5415    0.4523    0.2225   0.03978   0.04943  0.007249
   193/299     9.27G    0.0414   0.04554  0.008395   0.09533       265       640    0.3056    0.5422    0.4528    0.2226   0.03977   0.04942  0.007247
   194/299     9.27G   0.04143   0.04561  0.008357    0.0954       285       640    0.3056    0.5427    0.4534    0.2227   0.03976   0.04942  0.007242
   195/299     9.27G   0.04138   0.04557   0.00836   0.09531       190       640    0.3055    0.5431    0.4531    0.2226   0.03975   0.04942  0.007238
   196/299     9.27G   0.04134   0.04551  0.008354    0.0952       210       640    0.3053    0.5435    0.4528    0.2226   0.03974   0.04941  0.007234
   197/299     9.27G   0.04137   0.04553  0.008358   0.09526       313       640    0.3053    0.5433    0.4532    0.2228   0.03973   0.04941  0.007231
   198/299     9.27G   0.04131   0.04543  0.008326   0.09507       192       640     0.305    0.5439     0.453    0.2231   0.03973    0.0494  0.007227
   199/299     9.27G   0.04136   0.04542  0.008336   0.09512       182       640    0.3055     0.544    0.4535    0.2233   0.03972    0.0494  0.007223
   200/299     9.27G   0.04131   0.04529  0.008255   0.09486       179       640    0.3039    0.5429    0.4527    0.2231   0.03971    0.0494   0.00722
   201/299     9.27G   0.04131   0.04538  0.008293   0.09499       262       640     0.305    0.5448    0.4542    0.2234   0.03971    0.0494  0.007221
   202/299     9.27G   0.04126   0.04525   0.00826   0.09477       365       640    0.3044    0.5456    0.4537    0.2235   0.03971   0.04939   0.00722
   203/299     9.27G   0.04123   0.04529  0.008264   0.09479       142       640    0.3047    0.5467     0.455    0.2236    0.0397   0.04939  0.007217
   204/299     9.27G   0.04119   0.04528  0.008252   0.09473       241       640    0.3043    0.5457    0.4547    0.2239   0.03969   0.04938  0.007213
   205/299     9.27G   0.04117   0.04535  0.008207   0.09473       273       640     0.304    0.5454    0.4555    0.2243   0.03969   0.04938  0.007212
   206/299     9.27G   0.04114   0.04513  0.008227   0.09449       194       640    0.3053    0.5466    0.4552    0.2244   0.03968   0.04936  0.007211
   207/299     9.27G   0.04112   0.04529  0.008227   0.09464       179       640    0.3052    0.5463    0.4554    0.2245   0.03967   0.04935  0.007209
   208/299     9.27G    0.0411   0.04511  0.008188    0.0944       186       640    0.3063    0.5468    0.4573    0.2247   0.03967   0.04934  0.007209
   209/299     9.27G   0.04108   0.04511  0.008196   0.09439       190       640    0.3064    0.5466    0.4575    0.2246   0.03966   0.04934  0.007207
   210/299     9.27G    0.0411   0.04512  0.008156   0.09437       232       640    0.3063    0.5469    0.4574    0.2247   0.03965   0.04933  0.007204
   211/299     9.27G   0.04106   0.04521  0.008149   0.09443       261       640    0.3068    0.5466    0.4579    0.2251   0.03964   0.04933  0.007202
   212/299     9.27G   0.04112   0.04518  0.008182   0.09448       202       640    0.3065    0.5463    0.4573    0.2254   0.03964   0.04932  0.007203
   213/299     9.27G   0.04101   0.04498  0.008105    0.0941       157       640    0.3072    0.5462     0.458    0.2255   0.03963   0.04932  0.007203
   214/299     9.27G   0.04099   0.04499  0.008122    0.0941       189       640    0.3069     0.545    0.4579    0.2253   0.03963   0.04932  0.007202
   215/299     9.27G   0.04095   0.04493  0.008127     0.094       221       640    0.3072    0.5452    0.4585    0.2257   0.03963   0.04932  0.007201
   216/299     9.27G     0.041   0.04511  0.008116   0.09422       241       640    0.3071    0.5449    0.4578    0.2256   0.03962    0.0493    0.0072
   217/299     9.27G   0.04093   0.04492  0.008066   0.09392       110       640    0.3073    0.5453    0.4576    0.2256   0.03961   0.04929  0.007197
   218/299     9.27G    0.0409   0.04499  0.008062   0.09395       213       640    0.3068    0.5461    0.4577    0.2256   0.03961   0.04928  0.007197
   219/299     9.27G   0.04092   0.04487  0.008051   0.09384       221       640    0.3072    0.5467     0.458    0.2258    0.0396   0.04927  0.007195
   220/299     9.27G   0.04085   0.04505  0.008084   0.09398       240       640    0.3084    0.5469    0.4578    0.2258   0.03959   0.04926  0.007194
   221/299     9.27G   0.04086   0.04485  0.008026   0.09373       207       640    0.3086    0.5467    0.4576    0.2258   0.03959   0.04925  0.007194
   222/299     9.27G   0.04084   0.04497  0.008041   0.09385       172       640    0.3078     0.546    0.4577    0.2259   0.03958   0.04923  0.007194
   223/299     9.27G   0.04079   0.04472  0.007989    0.0935       383       640    0.3076    0.5455    0.4579    0.2259   0.03957   0.04923  0.007191
   224/299     9.27G   0.04081   0.04469  0.008007   0.09351       227       640    0.3076    0.5449    0.4572     0.226   0.03956   0.04922   0.00719
   225/299     9.27G   0.04073   0.04483  0.007949   0.09351       223       640    0.3086    0.5452    0.4578    0.2261   0.03956   0.04921  0.007188
   226/299     9.27G   0.04075   0.04461  0.007977   0.09334       313       640    0.3083    0.5451    0.4579    0.2261   0.03955   0.04921  0.007184
   227/299     9.27G   0.04071   0.04461  0.007958   0.09328       113       640    0.3086     0.546    0.4584    0.2262   0.03955   0.04922  0.007181
   228/299     9.27G   0.04069   0.04463  0.007957   0.09327       246       640    0.3083     0.546    0.4586    0.2266   0.03954   0.04921  0.007178
   229/299     9.27G   0.04072   0.04474  0.007969   0.09342       224       640    0.3091    0.5469     0.459    0.2265   0.03954    0.0492  0.007174
   230/299     9.27G   0.04067   0.04465  0.007906   0.09323       181       640     0.309    0.5474    0.4599    0.2268   0.03953    0.0492  0.007174
   231/299     9.27G   0.04062   0.04457  0.007925   0.09312       164       640    0.3087     0.548    0.4601    0.2271   0.03953    0.0492  0.007171
   232/299     9.27G   0.04068   0.04463  0.007936   0.09325       167       640    0.3092     0.548    0.4612    0.2274   0.03953   0.04921  0.007167
   233/299     9.27G    0.0406   0.04462  0.007914   0.09314       205       640    0.3856     0.553    0.4646    0.2293   0.03953   0.04921  0.007166
   234/299     9.27G   0.04055   0.04451  0.007855   0.09291       306       640    0.3851    0.5525    0.4642    0.2292   0.03952   0.04921  0.007166
   235/299     9.27G   0.04057   0.04452  0.007849   0.09294       212       640    0.3856    0.5528    0.4645    0.2294   0.03952    0.0492  0.007165
   236/299     9.27G   0.04053   0.04443  0.007849   0.09282       247       640    0.3855    0.5529    0.4644    0.2295   0.03951    0.0492  0.007165
   237/299     9.27G   0.04053   0.04442   0.00787   0.09281       276       640    0.3091    0.5482    0.4621    0.2283   0.03951   0.04919  0.007165
   238/299     9.27G   0.04048   0.04439  0.007794   0.09267       226       640    0.3082    0.5477    0.4616    0.2283    0.0395   0.04919  0.007166
   239/299     9.27G   0.04045    0.0444  0.007828   0.09268       245       640    0.3849     0.553    0.4646    0.2293   0.03949   0.04919  0.007167
   240/299     9.27G   0.04044   0.04435  0.007797   0.09259       184       640     0.385    0.5531    0.4647    0.2293   0.03949   0.04919  0.007167
   241/299     9.27G   0.04041   0.04429  0.007779   0.09249       129       640    0.3853    0.5536    0.4648    0.2295   0.03948   0.04919  0.007168
   242/299     9.27G   0.04035   0.04431  0.007749   0.09241       236       640    0.3082    0.5482    0.4623    0.2287   0.03947   0.04918  0.007169
   243/299     9.27G   0.04039   0.04433  0.007753   0.09247       130       640    0.3084    0.5486    0.4619    0.2286   0.03947   0.04917  0.007168
   244/299     9.27G   0.04037   0.04413  0.007771   0.09227       252       640    0.3078     0.548    0.4619    0.2289   0.03946   0.04917   0.00717
   245/299     9.27G   0.04031   0.04421  0.007703   0.09222       139       640    0.3089    0.5491    0.4624    0.2291   0.03945   0.04916   0.00717
   246/299     9.27G   0.04034   0.04417  0.007735   0.09224       196       640    0.3092    0.5497    0.4627    0.2293   0.03945   0.04915  0.007171
   247/299     9.27G   0.04033   0.04415  0.007635   0.09211       231       640    0.3094    0.5507    0.4622    0.2288   0.03945   0.04915  0.007173
   248/299     9.27G    0.0403   0.04415  0.007668   0.09212       200       640    0.3097    0.5505    0.4614    0.2284   0.03944   0.04915  0.007172
   249/299     9.27G   0.04032   0.04412  0.007718   0.09215       170       640    0.3099    0.5502    0.4617    0.2286   0.03944   0.04915  0.007173
   250/299     9.27G   0.04029   0.04414  0.007687   0.09211       237       640    0.3089     0.549    0.4619    0.2287   0.03943   0.04915  0.007176
   251/299     9.27G   0.04026   0.04413  0.007667   0.09205       290       640    0.3095    0.5492    0.4619    0.2287   0.03943   0.04914  0.007178
   252/299     9.27G   0.04026   0.04414   0.00766   0.09205       294       640    0.3093    0.5485    0.4611    0.2284   0.03943   0.04914   0.00718
   253/299     9.27G   0.04024   0.04409  0.007608   0.09193       276       640      0.31    0.5486    0.4618    0.2285   0.03942   0.04914  0.007182
   254/299     9.27G   0.04022   0.04398  0.007591   0.09179       254       640    0.3135    0.5487    0.4631    0.2289   0.03941   0.04914  0.007184
   255/299     9.27G   0.04017   0.04406  0.007548   0.09177       225       640    0.3102     0.549    0.4631    0.2291   0.03941   0.04913  0.007187
   256/299     9.27G   0.04017   0.04404  0.007631   0.09185       219       640    0.3868    0.5533    0.4657    0.2302    0.0394   0.04913  0.007191
   257/299     9.27G   0.04016   0.04384  0.007547   0.09155       273       640    0.3867    0.5535    0.4658    0.2303    0.0394   0.04913  0.007194
   258/299     9.27G   0.04019   0.04398  0.007555   0.09173       161       640    0.3864    0.5536    0.4657    0.2301   0.03939   0.04913  0.007196
   259/299     9.27G    0.0401   0.04386  0.007549   0.09152       209       640    0.3097    0.5483    0.4631    0.2296   0.03939   0.04913  0.007199
   260/299     9.27G   0.04007   0.04392  0.007552   0.09154       176       640      0.31    0.5485    0.4635      0.23   0.03939   0.04912  0.007201
   261/299     9.27G    0.0401   0.04392  0.007511   0.09153       171       640    0.3873    0.5544    0.4659    0.2303   0.03938   0.04911  0.007204
   262/299     9.27G   0.04005   0.04393  0.007489   0.09147       191       640    0.3803    0.5544    0.4651    0.2302   0.03938    0.0491  0.007205
   263/299     9.27G   0.04003    0.0438  0.007508   0.09134       280       640    0.3668     0.554    0.4656    0.2305   0.03938   0.04911  0.007205
   264/299     9.27G   0.04003   0.04388  0.007465   0.09138       316       640    0.3595    0.5535    0.4655    0.2306   0.03937   0.04911  0.007204
   265/299     9.27G   0.03999   0.04372  0.007478   0.09119       289       640    0.3572     0.554    0.4653    0.2311   0.03937    0.0491  0.007203
   266/299     9.27G   0.04003   0.04382  0.007516   0.09137       230       640    0.3426    0.5541    0.4653    0.2308   0.03937    0.0491  0.007205
   267/299     9.27G   0.04001   0.04376  0.007451   0.09122       128       640     0.341    0.5548    0.4657    0.2312   0.03936    0.0491  0.007208
   268/299     9.27G   0.03994   0.04365  0.007432   0.09101       299       640    0.3406    0.5545    0.4631    0.2297   0.03936    0.0491  0.007211
   269/299     9.27G   0.03995   0.04382  0.007491   0.09126       187       640    0.3408    0.5542    0.4629    0.2296   0.03936    0.0491  0.007213
   270/299     9.27G   0.03998   0.04371  0.007402   0.09109       371       640    0.3399    0.5536    0.4628    0.2295   0.03935   0.04909  0.007216
   271/299     9.27G   0.03998   0.04364  0.007418   0.09104       220       640    0.3407    0.5539    0.4634    0.2296   0.03935    0.0491  0.007221
   272/299     9.27G   0.03993   0.04359  0.007396   0.09092       150       640    0.3408    0.5541    0.4632    0.2296   0.03934   0.04909  0.007225
   273/299     9.27G    0.0399   0.04365  0.007376   0.09092       277       640    0.3386    0.5546    0.4635    0.2296   0.03934   0.04908  0.007229
   274/299     9.27G   0.03987   0.04358   0.00738   0.09083       118       640    0.3399    0.5549    0.4636    0.2301   0.03934   0.04909  0.007232
   275/299     9.27G   0.03988   0.04366  0.007337   0.09088       239       640    0.3399     0.554    0.4634    0.2301   0.03933   0.04908  0.007236
   276/299     9.27G   0.03986   0.04355  0.007374   0.09078       258       640    0.3427    0.5541    0.4657    0.2312   0.03933   0.04908  0.007239
   277/299     9.27G   0.03983   0.04353  0.007383   0.09074       233       640    0.3147    0.5491    0.4629      0.23   0.03933   0.04908  0.007242
   278/299     9.27G   0.03984   0.04358  0.007352   0.09078       254       640     0.308    0.5485    0.4624    0.2298   0.03933   0.04908  0.007246
   279/299     9.27G   0.03985   0.04344  0.007364   0.09065       101       640    0.3082    0.5488    0.4625    0.2299   0.03933   0.04909  0.007249
   280/299     9.27G   0.03988   0.04353  0.007348   0.09075       164       640    0.3073    0.5494    0.4626    0.2295   0.03933   0.04908  0.007255
   281/299     9.27G   0.03984   0.04354  0.007334   0.09072       216       640    0.3075    0.5504    0.4626    0.2298   0.03933   0.04908   0.00726
   282/299     9.27G    0.0398   0.04339  0.007294   0.09049       271       640    0.3072      0.55     0.463    0.2298   0.03932   0.04908  0.007265
   283/299     9.27G    0.0398   0.04336  0.007261   0.09042       129       640    0.3075      0.55    0.4632      0.23   0.03932   0.04908  0.007269
   284/299     9.27G    0.0398   0.04336  0.007246    0.0904       214       640    0.3076    0.5496    0.4633    0.2302   0.03932   0.04909  0.007271
   285/299     9.27G   0.03977   0.04346  0.007287   0.09051       285       640    0.3074    0.5488    0.4635    0.2301   0.03932   0.04908  0.007273
   286/299     9.27G   0.03979   0.04348  0.007267   0.09054       303       640     0.307    0.5494    0.4629    0.2299   0.03931   0.04908  0.007277
   287/299     9.27G    0.0397   0.04337  0.007247   0.09032       198       640    0.3072    0.5493    0.4639    0.2305   0.03932   0.04909  0.007281
   288/299     9.27G   0.03979   0.04341  0.007231   0.09043       166       640    0.3078    0.5503    0.4638    0.2306   0.03932    0.0491  0.007286
   289/299     9.27G   0.03978   0.04337  0.007242   0.09039       236       640    0.3075    0.5503    0.4632    0.2302   0.03932   0.04911   0.00729
   290/299     9.27G   0.03975   0.04339  0.007229   0.09036       142       640     0.308    0.5513    0.4629      0.23   0.03932   0.04913  0.007293
   291/299     9.27G   0.03973   0.04338  0.007264   0.09037       225       640    0.3071    0.5507     0.463    0.2301   0.03932   0.04914  0.007298
   292/299     9.27G   0.03975   0.04323  0.007214    0.0902       305       640    0.3077    0.5503     0.464    0.2304   0.03932   0.04915  0.007302
   293/299     9.27G   0.03975   0.04331  0.007233   0.09029       237       640    0.3079    0.5506    0.4652    0.2302   0.03932   0.04915  0.007305
   294/299     9.27G   0.03973   0.04333  0.007197   0.09026       170       640    0.3077    0.5507    0.4643    0.2301   0.03932   0.04915   0.00731
   295/299     9.27G   0.03976   0.04335  0.007223   0.09034       179       640    0.3081    0.5511    0.4654    0.2305   0.03932   0.04915  0.007312
   296/299     9.27G   0.03973   0.04322  0.007191   0.09014       247       640    0.3075    0.5508    0.4648    0.2305   0.03932   0.04915  0.007312
   297/299     9.27G   0.03974   0.04332  0.007227   0.09029       200       640    0.3071    0.5508    0.4641    0.2303   0.03932   0.04916  0.007311
   298/299     9.27G    0.0397   0.04329  0.007208    0.0902       219       640    0.3066    0.5501    0.4638    0.2303   0.03932   0.04916  0.007313
   299/299     9.27G   0.03969   0.04333   0.00714   0.09017       233       640    0.3066    0.5499    0.4636    0.2306   0.03932   0.04916  0.007315
