     0/299     6.58G   0.06153   0.05655   0.02146    0.1395       226       640    0.2069    0.3542    0.2542    0.1139   0.04751   0.05753   0.01213
     1/299     9.26G   0.05125   0.05275   0.01245    0.1164       211       640    0.2413    0.3938    0.2972     0.136   0.04574   0.05608   0.01084
     2/299     9.27G   0.04915   0.05243   0.01185    0.1134       256       640    0.2458    0.4157    0.3233    0.1478   0.04512   0.05556   0.01027
     3/299     9.27G   0.04769   0.05159   0.01139    0.1107       214       640    0.2588    0.4274    0.3434    0.1607   0.04395   0.05415  0.009549
     4/299     9.27G   0.04667   0.05074   0.01094    0.1084       292       640    0.3254    0.4373    0.3603    0.1698   0.04341   0.05338  0.009223
     5/299     9.27G   0.04609   0.05016    0.0107    0.1069       248       640    0.3015    0.4537    0.3746    0.1771   0.04285   0.05255  0.008892
     6/299     9.27G    0.0457   0.04981   0.01049     0.106       156       640    0.3042    0.4617    0.3829    0.1829   0.04246   0.05208  0.008678
     7/299     9.27G    0.0454   0.04934   0.01034    0.1051       223       640    0.2969    0.4755    0.3923    0.1878   0.04218   0.05174  0.008519
     8/299     9.27G   0.04531   0.04937   0.01021    0.1049       247       640     0.298    0.4812    0.3976      0.19   0.04197   0.05158  0.008417
     9/299     9.27G   0.04505   0.04916   0.01015    0.1044       184       640    0.2956    0.4887    0.4033    0.1933   0.04176   0.05128  0.008285
    10/299     9.27G   0.04497   0.04897   0.01004     0.104       186       640     0.298    0.4884    0.4067    0.1947   0.04165   0.05117  0.008229
    11/299     9.27G   0.04487   0.04902   0.01006    0.1039       307       640    0.2985    0.4923    0.4101     0.197   0.04154   0.05104  0.008176
    12/299     9.27G   0.04475   0.04897  0.009963    0.1037       217       640    0.2997    0.4942    0.4114     0.198   0.04145   0.05098  0.008124
    13/299     9.27G    0.0447   0.04871  0.009971    0.1034       157       640    0.2991    0.4954    0.4133    0.1991   0.04138    0.0509  0.008088
    14/299     9.27G   0.04459   0.04875  0.009895    0.1032       171       640    0.2983    0.4971    0.4142       0.2   0.04132   0.05084  0.008066
    15/299     9.27G   0.04455   0.04866  0.009852    0.1031       146       640    0.2979    0.4983    0.4153    0.2004   0.04127   0.05079  0.008042
    16/299     9.27G   0.04443   0.04848  0.009747    0.1027       267       640    0.2994    0.5006    0.4166    0.2011   0.04124   0.05074  0.008025
    17/299     9.27G   0.04447   0.04857  0.009826    0.1029       201       640    0.2999    0.5013    0.4174     0.201   0.04121    0.0507  0.008011
    18/299     9.27G    0.0444   0.04853  0.009756    0.1027       174       640     0.302    0.5021    0.4179    0.2013   0.04118   0.05066  0.007995
    19/299     9.27G   0.04433   0.04849  0.009718    0.1025       268       640    0.3028    0.5013     0.418    0.2019   0.04115   0.05062  0.007982
    20/299     9.27G    0.0443   0.04834  0.009722    0.1024       171       640    0.3038    0.5005    0.4184    0.2021   0.04113   0.05059  0.007974
    21/299     9.27G   0.04428   0.04841  0.009691    0.1024       216       640    0.3065    0.5005    0.4196    0.2028    0.0411   0.05056  0.007964
    22/299     9.27G   0.04425   0.04844  0.009719    0.1024       228       640    0.3071    0.4991    0.4188    0.2028   0.04107   0.05053  0.007956
    23/299     9.27G   0.04416   0.04818  0.009703     0.102       209       640    0.3087    0.4995    0.4197     0.203   0.04105    0.0505  0.007944
    24/299     9.27G   0.04416   0.04819  0.009682     0.102       165       640      0.31    0.4991    0.4203    0.2036   0.04103   0.05047  0.007932
    25/299     9.27G   0.04413   0.04834  0.009632    0.1021       160       640    0.3111    0.4985    0.4205    0.2037   0.04101   0.05045  0.007921
    26/299     9.27G   0.04416   0.04832  0.009681    0.1022       243       640    0.3121     0.499     0.421    0.2041   0.04099   0.05043  0.007913
    27/299     9.27G    0.0441   0.04822  0.009616    0.1019       295       640    0.3127    0.4978    0.4211    0.2046   0.04097   0.05041  0.007902
    28/299     9.27G    0.0441   0.04804  0.009681    0.1018       165       640    0.3143    0.4979    0.4215    0.2046   0.04095   0.05038  0.007892
    29/299     9.27G   0.04405   0.04818  0.009572    0.1018       174       640    0.3165    0.4986     0.422    0.2049   0.04093   0.05036  0.007882
    30/299     9.27G   0.04398   0.04817  0.009538    0.1017       150       640    0.3179     0.499    0.4224    0.2053   0.04091   0.05033  0.007869
    31/299     9.27G   0.04397   0.04823   0.00952    0.1017       169       640    0.3202    0.4997    0.4232    0.2055   0.04089   0.05031  0.007858
    32/299     9.27G   0.04393    0.0481  0.009529    0.1016       276       640    0.3215    0.4996    0.4236    0.2057   0.04087    0.0503   0.00785
    33/299     9.27G   0.04393   0.04813  0.009547    0.1016       254       640     0.323    0.4989    0.4237    0.2058   0.04086   0.05029   0.00784
    34/299     9.27G   0.04392   0.04812  0.009513    0.1016       266       640    0.3245    0.4995    0.4241     0.206   0.04084   0.05027   0.00783
    35/299     9.27G   0.04385   0.04789  0.009467    0.1012       226       640    0.3252    0.4993    0.4246    0.2062   0.04083   0.05026   0.00782
    36/299     9.27G   0.04385   0.04801  0.009496    0.1014       249       640    0.3251    0.4988    0.4248    0.2064   0.04082   0.05024  0.007806
    37/299     9.27G    0.0438    0.0479  0.009478    0.1012       229       640    0.3256    0.5005    0.4258    0.2068    0.0408   0.05023  0.007796
    38/299     9.27G   0.04378   0.04804  0.009427    0.1012       363       640    0.3266    0.5009    0.4265    0.2074   0.04078   0.05021  0.007785
    39/299     9.27G   0.04379   0.04795  0.009466    0.1012        91       640    0.3265    0.5006    0.4272    0.2079   0.04076   0.05019  0.007775
    40/299     9.27G   0.04379   0.04803  0.009444    0.1013       265       640    0.3291    0.5019    0.4276    0.2081   0.04075   0.05018  0.007764
    41/299     9.27G   0.04374   0.04786  0.009462    0.1011       181       640    0.3296     0.502    0.4279    0.2085   0.04073   0.05016  0.007756
    42/299     9.27G   0.04371   0.04799  0.009412    0.1011       244       640    0.3289    0.5025    0.4279    0.2087   0.04071   0.05013  0.007747
    43/299     9.27G   0.04366   0.04787  0.009426     0.101       188       640    0.3289    0.5039    0.4287    0.2091   0.04069   0.05012  0.007739
    44/299     9.27G   0.04367    0.0478  0.009406    0.1009       221       640    0.3288    0.5042    0.4293    0.2096   0.04068   0.05011  0.007732
    45/299     9.27G   0.04363    0.0478  0.009391    0.1008       223       640    0.3277    0.5051    0.4293    0.2097   0.04066    0.0501  0.007722
    46/299     9.27G   0.04366   0.04771  0.009389    0.1008       207       640    0.3271     0.505    0.4295    0.2099   0.04064   0.05009  0.007716
    47/299     9.27G   0.04361   0.04791  0.009373    0.1009       246       640    0.3283    0.5059    0.4302    0.2102   0.04063   0.05007  0.007709
    48/299     9.27G   0.04356   0.04782  0.009327    0.1007       249       640    0.3275    0.5071    0.4312    0.2104   0.04062   0.05007    0.0077
    49/299     9.27G   0.04357   0.04773  0.009393    0.1007       236       640    0.3263    0.5075    0.4311    0.2107    0.0406   0.05006  0.007695
    50/299     9.27G   0.04352   0.04776  0.009378    0.1007       246       640    0.3255    0.5084    0.4318    0.2109   0.04059   0.05004  0.007689
    51/299     9.27G   0.04352   0.04764  0.009325    0.1005       174       640     0.325    0.5092    0.4325    0.2111   0.04057   0.05001  0.007678
    52/299     9.27G   0.04356   0.04776  0.009387    0.1007       251       640    0.3247    0.5101    0.4328     0.211   0.04056   0.04999  0.007669
    53/299     9.27G   0.04352   0.04767  0.009327    0.1005       128       640    0.3248    0.5106    0.4329    0.2112   0.04055   0.04998  0.007662
    54/299     9.27G    0.0435   0.04763  0.009371    0.1005       188       640    0.3242    0.5113    0.4336    0.2117   0.04053   0.04997  0.007654
    55/299     9.27G   0.04348   0.04774  0.009285    0.1005       288       640    0.3239    0.5121    0.4339    0.2117   0.04052   0.04997  0.007647
    56/299     9.27G   0.04345   0.04756  0.009286    0.1003       167       640    0.3231    0.5124    0.4343     0.212   0.04051   0.04996  0.007641
    57/299     9.27G   0.04343    0.0476  0.009312    0.1004       183       640     0.323     0.513    0.4342    0.2121    0.0405   0.04996  0.007633
    58/299     9.27G   0.04348   0.04761   0.00929    0.1004       290       640    0.3228    0.5143    0.4354    0.2124   0.04048   0.04995  0.007628
    59/299     9.27G    0.0434   0.04769  0.009272    0.1004       328       640    0.3219    0.5141    0.4352    0.2126   0.04047   0.04994  0.007622
    60/299     9.27G   0.04334   0.04751  0.009252    0.1001       405       640    0.3216    0.5144    0.4357    0.2128   0.04046   0.04995  0.007616
    61/299     9.27G   0.04343   0.04759  0.009248    0.1003       161       640     0.322    0.5152    0.4363    0.2133   0.04046   0.04995   0.00761
    62/299     9.27G   0.04341   0.04757  0.009297    0.1003       193       640    0.3202    0.5147    0.4371    0.2138   0.04045   0.04994  0.007604
    63/299     9.27G   0.04336    0.0476  0.009287    0.1002       209       640    0.3204     0.516    0.4372    0.2138   0.04044   0.04993  0.007599
    64/299     9.27G   0.04331   0.04753  0.009245    0.1001       290       640    0.3202    0.5164    0.4374    0.2139   0.04043   0.04992  0.007594
    65/299     9.27G   0.04334   0.04751  0.009223    0.1001       336       640    0.3201    0.5167    0.4375    0.2139   0.04042   0.04991  0.007588
    66/299     9.27G   0.04331   0.04747  0.009208   0.09999       211       640    0.3203     0.517    0.4374    0.2141   0.04041   0.04991  0.007582
    67/299     9.27G   0.04326    0.0474  0.009214   0.09987       191       640    0.3201    0.5172    0.4373    0.2143    0.0404    0.0499  0.007577
    68/299     9.27G   0.04327   0.04749   0.00919   0.09995       198       640    0.3193    0.5168    0.4371    0.2141   0.04039   0.04989  0.007573
    69/299     9.27G   0.04327   0.04738  0.009208   0.09985       358       640    0.3192    0.5181    0.4376    0.2144   0.04038   0.04988  0.007567
    70/299     9.27G   0.04324   0.04742  0.009224   0.09988       223       640    0.3183    0.5185    0.4376    0.2145   0.04036   0.04986  0.007558
    71/299     9.27G   0.04329   0.04747  0.009195   0.09996       238       640    0.3178    0.5195    0.4377    0.2145   0.04035   0.04986  0.007551
    72/299     9.27G   0.04323   0.04743  0.009196   0.09986       382       640    0.3177    0.5204    0.4382    0.2148   0.04035   0.04985  0.007544
    73/299     9.27G   0.04319   0.04728  0.009179   0.09964       109       640    0.3171    0.5201    0.4383    0.2148   0.04034   0.04984  0.007537
    74/299     9.27G   0.04319   0.04731  0.009146   0.09965       233       640    0.3157    0.5205    0.4383    0.2148   0.04033   0.04983  0.007531
    75/299     9.27G   0.04318    0.0474  0.009171   0.09975       159       640    0.3159    0.5211    0.4386    0.2149   0.04032   0.04983  0.007524
    76/299     9.27G   0.04314   0.04743  0.009205   0.09978       299       640    0.3153    0.5219    0.4388    0.2151   0.04032   0.04983  0.007515
    77/299     9.27G   0.04318   0.04727  0.009161   0.09961       266       640    0.3155     0.522     0.439    0.2153   0.04031   0.04982  0.007513
    78/299     9.27G   0.04314    0.0472  0.009099   0.09945       194       640    0.3148    0.5216    0.4391    0.2152    0.0403   0.04981  0.007509
    79/299     9.27G   0.04314    0.0472  0.009106   0.09945       205       640    0.3153    0.5222    0.4393    0.2156   0.04029   0.04981  0.007506
    80/299     9.27G    0.0431   0.04731  0.009112   0.09952       176       640    0.3155    0.5223    0.4398    0.2157   0.04029    0.0498  0.007506
    81/299     9.27G   0.04305   0.04711  0.009102   0.09927       268       640    0.3148    0.5226    0.4404    0.2157   0.04027   0.04979  0.007504
    82/299     9.27G   0.04305    0.0473  0.009135   0.09949       185       640    0.3155    0.5232     0.441     0.216   0.04027   0.04978  0.007502
    83/299     9.27G   0.04305   0.04722  0.009078   0.09934       235       640    0.3164    0.5244    0.4412    0.2164   0.04026   0.04977  0.007499
    84/299     9.27G   0.04302   0.04721  0.009121   0.09935       278       640    0.3169    0.5252    0.4414    0.2165   0.04025   0.04976  0.007496
    85/299     9.27G   0.04296   0.04719  0.009058    0.0992       283       640    0.3175     0.526    0.4418    0.2166   0.04024   0.04976  0.007493
    86/299     9.27G   0.04305   0.04733  0.009079   0.09947       159       640    0.3172    0.5264    0.4423    0.2166   0.04023   0.04975  0.007488
    87/299     9.27G   0.04295   0.04733  0.009088   0.09936       146       640    0.3163    0.5266    0.4426    0.2166   0.04023   0.04974  0.007484
    88/299     9.27G   0.04296   0.04721  0.009072   0.09924       286       640    0.3166     0.528    0.4425    0.2168   0.04022   0.04974   0.00748
    89/299     9.27G    0.0429   0.04704  0.009062     0.099       248       640    0.3157    0.5285    0.4428    0.2168   0.04021   0.04973  0.007476
    90/299     9.27G   0.04295   0.04709  0.009046   0.09909       100       640    0.3147    0.5282     0.443    0.2169    0.0402   0.04972  0.007471
    91/299     9.27G   0.04289   0.04701  0.009037   0.09893       147       640    0.3141    0.5293    0.4436    0.2169    0.0402   0.04972  0.007466
    92/299     9.27G   0.04294   0.04715  0.009045   0.09914       207       640    0.3145    0.5304    0.4442    0.2174   0.04019   0.04971  0.007462
    93/299     9.27G   0.04296   0.04715  0.009018   0.09912       230       640    0.3136      0.53     0.444    0.2176   0.04018    0.0497  0.007457
    94/299     9.27G   0.04285   0.04704  0.009039   0.09893       204       640    0.3132      0.53    0.4439    0.2175   0.04017   0.04969  0.007455
    95/299     9.27G   0.04284   0.04687   0.00899   0.09871        88       640    0.3125      0.53    0.4443    0.2173   0.04016   0.04969  0.007454
    96/299     9.27G   0.04288   0.04695  0.009032   0.09886       206       640    0.3124    0.5305    0.4443    0.2175   0.04015   0.04968   0.00745
    97/299     9.27G   0.04277   0.04698  0.009027   0.09878       193       640    0.3122    0.5304    0.4444    0.2175   0.04015   0.04968  0.007447
    98/299     9.27G   0.04284   0.04706  0.008982   0.09888       197       640    0.3115    0.5307    0.4444    0.2178   0.04014   0.04967  0.007445
    99/299     9.27G   0.04278   0.04702  0.008959   0.09876       160       640    0.3113    0.5316    0.4444    0.2178   0.04014   0.04966  0.007443
   100/299     9.27G   0.04277   0.04688  0.008968   0.09861       179       640    0.3124    0.5323    0.4444    0.2178   0.04013   0.04966  0.007438
   101/299     9.27G   0.04274   0.04701  0.008992   0.09874       233       640    0.3122     0.532    0.4447     0.218   0.04013   0.04966  0.007435
   102/299     9.27G   0.04277   0.04693  0.008981   0.09868       225       640    0.3127    0.5316    0.4444    0.2179   0.04012   0.04966  0.007435
   103/299     9.27G   0.04277     0.047  0.008979   0.09875       221       640    0.3129    0.5323    0.4449    0.2181   0.04011   0.04966  0.007433
   104/299     9.27G   0.04273     0.047  0.008949   0.09867       170       640    0.3126    0.5322    0.4448    0.2182   0.04011   0.04965  0.007431
   105/299     9.27G   0.04272   0.04691  0.008955   0.09858       216       640    0.3122    0.5333    0.4452    0.2182   0.04011   0.04965  0.007428
   106/299     9.27G   0.04264   0.04673  0.008942   0.09831       191       640    0.3118    0.5328    0.4458    0.2182    0.0401   0.04965  0.007424
   107/299     9.27G   0.04269   0.04692   0.00894   0.09856       157       640    0.3119    0.5323    0.4459    0.2182    0.0401   0.04964  0.007422
   108/299     9.27G   0.04263   0.04689  0.008874   0.09839       211       640    0.3126    0.5339    0.4468    0.2183   0.04009   0.04964  0.007419
   109/299     9.27G   0.04268   0.04683  0.008919   0.09843       201       640    0.3122    0.5337    0.4475    0.2183   0.04008   0.04963  0.007413
   110/299     9.27G   0.04263   0.04681  0.008896   0.09833       262       640    0.3113    0.5339    0.4468    0.2186   0.04007   0.04963   0.00741
   111/299     9.27G   0.04261    0.0468  0.008902   0.09832       144       640    0.3106    0.5341    0.4463    0.2185   0.04007   0.04963  0.007411
   112/299     9.27G   0.04262   0.04667  0.008895   0.09819       156       640    0.3102    0.5336    0.4464    0.2188   0.04006   0.04963  0.007411
   113/299     9.27G   0.04257   0.04664  0.008921   0.09813       200       640    0.3095     0.534    0.4459    0.2186   0.04006   0.04963   0.00741
   114/299     9.27G   0.04256   0.04673  0.008884   0.09818       326       640    0.3104    0.5343    0.4461    0.2188   0.04004   0.04962  0.007407
   115/299     9.27G   0.04255   0.04688  0.008893   0.09832       155       640    0.3095     0.534    0.4457    0.2191   0.04004   0.04962  0.007404
   116/299     9.27G   0.04252   0.04674  0.008844   0.09811       127       640    0.3097    0.5349    0.4465    0.2192   0.04003   0.04961  0.007401
   117/299     9.27G    0.0425   0.04666  0.008827   0.09799       202       640    0.3103    0.5353    0.4467    0.2191   0.04002   0.04961  0.007397
   118/299     9.27G   0.04255    0.0468  0.008858    0.0982       159       640    0.3106     0.536    0.4473    0.2192   0.04001   0.04959  0.007391
   119/299     9.27G   0.04249   0.04662  0.008824   0.09793       207       640    0.3104    0.5364    0.4479    0.2196   0.04001   0.04958  0.007387
   120/299     9.27G   0.04243   0.04642  0.008826   0.09768       290       640    0.3113    0.5374    0.4482    0.2195      0.04   0.04958  0.007384
   121/299     9.27G   0.04245    0.0466  0.008766   0.09782       221       640    0.3117    0.5377    0.4487    0.2196      0.04   0.04957   0.00738
   122/299     9.27G   0.04241   0.04639  0.008815   0.09761       266       640    0.3123    0.5372    0.4493    0.2199   0.03999   0.04956   0.00738
   123/299     9.27G   0.04242   0.04655  0.008763   0.09773       258       640    0.3115    0.5359    0.4489    0.2201   0.03998   0.04956   0.00738
   124/299     9.27G   0.04242   0.04655  0.008792   0.09776       297       640    0.3114    0.5359    0.4492    0.2201   0.03998   0.04956  0.007379
   125/299     9.27G   0.04237   0.04662   0.00873   0.09773       208       640     0.311    0.5363    0.4488    0.2202   0.03998   0.04956  0.007376
   126/299     9.27G   0.04243   0.04658  0.008766   0.09778       203       640    0.3108    0.5364    0.4494    0.2203   0.03997   0.04955  0.007372
   127/299     9.27G   0.04233   0.04667  0.008795   0.09779       188       640    0.3109    0.5368    0.4495    0.2206   0.03996   0.04954  0.007367
   128/299     9.27G   0.04235   0.04627  0.008722   0.09734       112       640      0.31    0.5372    0.4499    0.2209   0.03995   0.04953  0.007363
   129/299     9.27G    0.0423   0.04655  0.008751    0.0976       241       640    0.3095    0.5371    0.4497    0.2211   0.03994   0.04952  0.007361
   130/299     9.27G   0.04231   0.04653   0.00871   0.09755       244       640    0.3084     0.536    0.4493    0.2212   0.03993   0.04951  0.007357
   131/299     9.27G   0.04228   0.04635  0.008745   0.09737       250       640    0.3088    0.5366    0.4492    0.2211   0.03993   0.04951  0.007354
   132/299     9.27G   0.04226   0.04635    0.0087   0.09732       257       640    0.3088    0.5368    0.4492    0.2212   0.03992    0.0495   0.00735
   133/299     9.27G   0.04229    0.0463  0.008743   0.09733       162       640    0.3089    0.5379    0.4493    0.2212   0.03991    0.0495  0.007349
   134/299     9.27G   0.04223   0.04639  0.008707   0.09733       191       640    0.3084    0.5382    0.4493    0.2213    0.0399   0.04949  0.007346
   135/299     9.27G   0.04223   0.04632  0.008704   0.09726       205       640    0.3086     0.539    0.4503    0.2214    0.0399   0.04948  0.007343
   136/299     9.27G   0.04223   0.04639  0.008685    0.0973       266       640    0.3089    0.5395      0.45    0.2215   0.03989   0.04948  0.007342
   137/299     9.27G   0.04214   0.04629  0.008656   0.09709       266       640    0.3088    0.5405    0.4508    0.2216   0.03988   0.04947  0.007336
   138/299     9.27G    0.0422   0.04638   0.00869   0.09727       209       640    0.3091    0.5404    0.4512    0.2217   0.03988   0.04947   0.00733
   139/299     9.27G   0.04213   0.04623  0.008668   0.09702       166       640    0.3089    0.5409    0.4517    0.2218   0.03987   0.04946  0.007325
   140/299     9.27G   0.04215   0.04624  0.008643   0.09703       195       640    0.3091    0.5408    0.4512    0.2222   0.03987   0.04946  0.007322
   141/299     9.27G   0.04211   0.04618  0.008636   0.09692       250       640    0.3078    0.5403    0.4511    0.2221   0.03986   0.04946  0.007318
   142/299     9.27G   0.04207   0.04617  0.008609   0.09685       297       640    0.3083    0.5411    0.4515    0.2221   0.03986   0.04945  0.007312
   143/299     9.27G   0.04208   0.04612  0.008543   0.09674       218       640    0.3078    0.5422    0.4516    0.2221   0.03986   0.04946  0.007307
   144/299     9.27G   0.04206   0.04613  0.008579   0.09676       266       640    0.3083    0.5429    0.4523    0.2223   0.03985   0.04946  0.007303
   145/299     9.27G   0.04202   0.04617    0.0086   0.09679       174       640    0.3091    0.5434    0.4526    0.2224   0.03985   0.04946  0.007299
   146/299     9.27G   0.04203   0.04621   0.00857   0.09681       234       640    0.3088    0.5429    0.4524    0.2226   0.03984   0.04945  0.007294
   147/299     9.27G   0.04201   0.04614  0.008574   0.09672       254       640    0.3089    0.5431    0.4532    0.2227   0.03983   0.04944  0.007291
   148/299     9.27G   0.04201   0.04613  0.008585   0.09672       257       640    0.3087    0.5431    0.4531    0.2227   0.03982   0.04942  0.007285
   149/299     9.27G   0.04198   0.04611  0.008541   0.09662       236       640    0.3097    0.5432    0.4539     0.223   0.03982   0.04942  0.007282
   150/299     9.27G   0.04199   0.04595  0.008546   0.09649       212       640    0.3089    0.5434     0.455     0.223   0.03981   0.04941  0.007279
   151/299     9.27G   0.04188   0.04603  0.008514   0.09642       218       640    0.3086    0.5438    0.4551    0.2231    0.0398    0.0494  0.007276
   152/299     9.27G   0.04192   0.04598  0.008554   0.09645       114       640    0.3083     0.545    0.4548    0.2232    0.0398    0.0494  0.007273
   153/299     9.27G   0.04191   0.04606  0.008537   0.09651       228       640    0.3792    0.5496    0.4573    0.2231   0.03979    0.0494  0.007269
   154/299     9.27G   0.04188   0.04608  0.008532   0.09649       107       640    0.3723    0.5499    0.4578    0.2234   0.03979    0.0494  0.007267
   155/299     9.27G   0.04188   0.04588  0.008567   0.09633       218       640    0.3848    0.5503    0.4579    0.2234   0.03979    0.0494  0.007269
   156/299     9.27G   0.04186   0.04585  0.008491   0.09621       317       640    0.3087    0.5461    0.4548    0.2231   0.03978   0.04939  0.007269
   157/299     9.27G   0.04186   0.04605  0.008502   0.09641       201       640    0.3082    0.5452    0.4548    0.2231   0.03977   0.04939  0.007267
   158/299     9.27G    0.0418   0.04588  0.008445   0.09612       263       640    0.3076    0.5452    0.4551    0.2234   0.03976   0.04938  0.007264
   159/299     9.27G   0.04178   0.04579  0.008473   0.09604       160       640    0.3079    0.5451     0.456    0.2237   0.03976   0.04938  0.007259
   160/299     9.27G   0.04183    0.0459  0.008474   0.09621       168       640    0.3844    0.5503    0.4588    0.2239   0.03975   0.04938  0.007256
   161/299     9.27G   0.04175    0.0459  0.008451   0.09611       246       640     0.384    0.5499    0.4589    0.2239   0.03974   0.04937  0.007255
   162/299     9.27G   0.04174    0.0458  0.008446   0.09598       245       640    0.3849    0.5498    0.4588    0.2241   0.03974   0.04936  0.007255
   163/299     9.27G   0.04174   0.04585  0.008414     0.096       215       640    0.3855    0.5496    0.4586     0.224   0.03973   0.04936  0.007254
   164/299     9.27G   0.04171   0.04582  0.008427   0.09596       210       640    0.3081    0.5452    0.4562    0.2236   0.03973   0.04935  0.007254
   165/299     9.27G   0.04166   0.04582  0.008397   0.09587       278       640     0.385    0.5511    0.4588    0.2242   0.03972   0.04935  0.007251
   166/299     9.27G   0.04167    0.0457  0.008436    0.0958       218       640    0.3854    0.5515    0.4589    0.2245   0.03971   0.04935  0.007248
   167/299     9.27G   0.04168   0.04562  0.008385   0.09568       226       640    0.3843    0.5502    0.4587    0.2245    0.0397   0.04935  0.007245
   168/299     9.27G    0.0416   0.04571   0.00836   0.09567       229       640    0.3847    0.5511    0.4594    0.2248   0.03969   0.04934  0.007242
   169/299     9.27G   0.04163   0.04563  0.008276   0.09553       171       640    0.3846    0.5508    0.4597    0.2249   0.03969   0.04933  0.007237
   170/299     9.27G   0.04154   0.04558  0.008329   0.09545       237       640    0.3845     0.551    0.4601    0.2253   0.03968   0.04933  0.007234
   171/299     9.27G   0.04159   0.04566  0.008342   0.09559       230       640    0.3852    0.5525    0.4604    0.2256   0.03967   0.04932  0.007231
   172/299     9.27G    0.0415   0.04562  0.008336   0.09545       267       640    0.3855    0.5521    0.4604     0.226   0.03966   0.04931  0.007228
   173/299     9.27G   0.04153   0.04553  0.008296   0.09536       286       640    0.3082    0.5462    0.4579    0.2255   0.03964   0.04929  0.007225
   174/299     9.27G   0.04149    0.0456  0.008328   0.09542       193       640    0.3093    0.5466    0.4582    0.2254   0.03963   0.04928  0.007223
   175/299     9.27G   0.04146   0.04559  0.008304   0.09536       187       640    0.3092    0.5467    0.4582    0.2253   0.03963   0.04927  0.007222
   176/299     9.27G   0.04148   0.04554  0.008285   0.09531       266       640    0.3095    0.5472    0.4575    0.2252   0.03963   0.04927   0.00722
   177/299     9.27G   0.04144   0.04547  0.008281    0.0952       226       640    0.3096    0.5465    0.4578    0.2253   0.03962   0.04925  0.007217
   178/299     9.27G   0.04143   0.04541   0.00827   0.09511       357       640    0.3864    0.5512     0.461    0.2256   0.03962   0.04924  0.007214
   179/299     9.27G    0.0414   0.04555  0.008241    0.0952       266       640    0.3856    0.5509    0.4612    0.2259   0.03961   0.04924  0.007213
   180/299     9.27G   0.04142   0.04533  0.008288   0.09504       250       640    0.3865     0.552    0.4614    0.2261   0.03961   0.04923   0.00721
   181/299     9.27G   0.04139   0.04533  0.008222   0.09494       303       640     0.387    0.5511    0.4614     0.226    0.0396   0.04922  0.007205
   182/299     9.27G   0.04134   0.04532  0.008185   0.09484       360       640     0.387    0.5518    0.4617    0.2264    0.0396   0.04921  0.007202
   183/299     9.27G   0.04141   0.04539  0.008219   0.09502       188       640    0.3099    0.5466    0.4594    0.2263    0.0396    0.0492  0.007202
   184/299     9.27G   0.04137   0.04536  0.008233   0.09497       178       640    0.3106    0.5472    0.4598    0.2266   0.03959    0.0492  0.007201
   185/299     9.27G   0.04129   0.04523  0.008154   0.09467       290       640    0.3113    0.5482    0.4602    0.2266   0.03959    0.0492  0.007202
   186/299     9.27G   0.04123    0.0453  0.008133   0.09466       127       640    0.3879    0.5535    0.4631    0.2269   0.03958   0.04919  0.007201
   187/299     9.27G   0.04122   0.04521  0.008159   0.09459       210       640    0.3883    0.5538     0.463    0.2269   0.03957   0.04918  0.007201
   188/299     9.27G   0.04121   0.04527   0.00817   0.09464       218       640    0.3877    0.5527    0.4628    0.2269   0.03956   0.04917  0.007197
   189/299     9.27G   0.04122   0.04517  0.008099   0.09449       294       640    0.3878    0.5544    0.4634    0.2271   0.03956   0.04917  0.007197
   190/299     9.27G   0.04121   0.04517  0.008062   0.09445       282       640    0.3104    0.5489     0.461     0.227   0.03956   0.04916  0.007199
   191/299     9.27G   0.04119   0.04519  0.008116    0.0945       231       640    0.3108    0.5501    0.4613     0.227   0.03955   0.04916  0.007198
   192/299     9.27G   0.04116   0.04497  0.008109   0.09424       280       640    0.3108    0.5505    0.4615    0.2269   0.03955   0.04916  0.007199
   193/299     9.27G    0.0411     0.045  0.008098    0.0942       265       640    0.3107    0.5503    0.4601    0.2267   0.03954   0.04915  0.007198
   194/299     9.27G   0.04112   0.04509  0.008076   0.09429       285       640    0.3106    0.5502    0.4597    0.2265   0.03953   0.04913  0.007196
   195/299     9.27G   0.04108   0.04505  0.008061   0.09419       190       640    0.3105    0.5502    0.4602    0.2268   0.03952   0.04912  0.007197
   196/299     9.27G   0.04102     0.045   0.00805   0.09407       210       640    0.3099    0.5499    0.4617    0.2272   0.03951   0.04912  0.007196
   197/299     9.27G   0.04107     0.045  0.008062   0.09413       313       640    0.3875    0.5557    0.4644     0.228    0.0395   0.04911  0.007194
   198/299     9.27G   0.04102    0.0449  0.008038   0.09395       192       640     0.388    0.5557    0.4645    0.2281   0.03949    0.0491  0.007191
   199/299     9.27G   0.04105   0.04491  0.008046   0.09401       182       640    0.3839     0.556    0.4652    0.2282   0.03948   0.04909  0.007189
   200/299     9.27G   0.04102    0.0448  0.007983    0.0938       179       640    0.3759    0.5568    0.4655    0.2285   0.03948   0.04908   0.00719
   201/299     9.27G   0.04099   0.04483  0.007983    0.0938       262       640     0.372    0.5574    0.4656    0.2284   0.03947   0.04908  0.007191
   202/299     9.27G   0.04096   0.04472  0.007975   0.09366       365       640    0.3622    0.5565    0.4651    0.2286   0.03947   0.04909  0.007191
   203/299     9.27G   0.04095   0.04478  0.007963   0.09369       142       640    0.3521    0.5562    0.4654     0.228   0.03947   0.04908  0.007194
   204/299     9.27G   0.04089   0.04475  0.007954    0.0936       241       640    0.3469    0.5556    0.4652    0.2279   0.03946   0.04908  0.007196
   205/299     9.27G   0.04087   0.04484  0.007908   0.09362       273       640    0.3418    0.5555    0.4651    0.2282   0.03946   0.04908  0.007195
   206/299     9.27G   0.04084    0.0446   0.00793   0.09336       194       640    0.3401    0.5558     0.465    0.2282   0.03945   0.04909  0.007196
   207/299     9.27G   0.04084   0.04477  0.007934   0.09354       179       640    0.3373    0.5553    0.4624    0.2281   0.03945   0.04909  0.007197
   208/299     9.27G    0.0408    0.0446  0.007888   0.09329       186       640    0.3262    0.5532    0.4616    0.2278   0.03944   0.04908  0.007195
   209/299     9.27G   0.04078   0.04461  0.007907   0.09329       190       640    0.3129    0.5501    0.4617    0.2279   0.03944   0.04908  0.007193
   210/299     9.27G   0.04081   0.04458  0.007875   0.09327       232       640    0.3131    0.5512     0.462    0.2282   0.03943   0.04909  0.007195
   211/299     9.27G   0.04077   0.04467  0.007848   0.09329       261       640    0.3131    0.5514    0.4619    0.2282   0.03943   0.04908  0.007195
   212/299     9.27G   0.04081   0.04463  0.007868   0.09331       202       640    0.3391     0.555    0.4628    0.2284   0.03942   0.04908  0.007194
   213/299     9.27G   0.04071   0.04446  0.007801   0.09297       157       640    0.3415    0.5549    0.4629    0.2283   0.03941   0.04908  0.007193
   214/299     9.27G   0.04069   0.04446  0.007823   0.09297       189       640    0.3379    0.5537    0.4629    0.2283   0.03941   0.04907  0.007191
   215/299     9.27G   0.04063   0.04438  0.007805   0.09282       221       640    0.3316    0.5546    0.4632    0.2284    0.0394   0.04907  0.007188
   216/299     9.27G    0.0407   0.04459  0.007807    0.0931       241       640    0.3262    0.5536    0.4629    0.2283   0.03939   0.04906  0.007185
   217/299     9.27G   0.04064   0.04441  0.007775   0.09283       110       640    0.3124    0.5517    0.4614    0.2282   0.03939   0.04906  0.007185
   218/299     9.27G    0.0406   0.04446  0.007748   0.09281       213       640    0.3127    0.5514    0.4607    0.2281   0.03938   0.04905  0.007186
   219/299     9.27G   0.04061   0.04432  0.007739   0.09267       221       640    0.3124    0.5511    0.4605    0.2282   0.03938   0.04906  0.007186
   220/299     9.27G   0.04056   0.04451  0.007759   0.09283       240       640    0.3129     0.553    0.4612    0.2285   0.03937   0.04905  0.007185
   221/299     9.27G   0.04056   0.04433  0.007728   0.09262       207       640    0.3122    0.5519    0.4606    0.2284   0.03936   0.04904  0.007187
   222/299     9.27G   0.04055   0.04441  0.007717   0.09267       172       640    0.3127    0.5517    0.4604    0.2285   0.03936   0.04903  0.007188
   223/299     9.27G   0.04048   0.04418  0.007662   0.09232       383       640     0.313    0.5515    0.4608    0.2287   0.03936   0.04902  0.007188
   224/299     9.27G   0.04049   0.04416  0.007678   0.09233       227       640    0.3126    0.5503    0.4609    0.2285   0.03935   0.04902   0.00719
   225/299     9.27G   0.04043   0.04429  0.007642   0.09236       223       640    0.3131    0.5508    0.4619    0.2286   0.03935   0.04901  0.007191
   226/299     9.27G   0.04045   0.04407  0.007646   0.09217       313       640     0.314    0.5504    0.4618    0.2288   0.03934   0.04901  0.007189
   227/299     9.27G   0.04043   0.04409  0.007654   0.09217       113       640    0.3142    0.5503    0.4625    0.2287   0.03934   0.04901  0.007189
   228/299     9.27G   0.04039    0.0441   0.00765   0.09214       246       640    0.3144    0.5503    0.4628    0.2286   0.03933     0.049  0.007187
   229/299     9.27G   0.04043   0.04421  0.007642   0.09229       224       640    0.3142    0.5505    0.4625    0.2289   0.03932     0.049  0.007188
   230/299     9.27G   0.04038   0.04412  0.007581   0.09208       181       640    0.3146     0.551    0.4626     0.229   0.03932     0.049   0.00719
   231/299     9.27G   0.04034   0.04404  0.007594   0.09197       164       640    0.3148     0.551    0.4625    0.2287   0.03931     0.049   0.00719
   232/299     9.27G   0.04038    0.0441  0.007628   0.09211       167       640    0.3153    0.5521     0.463    0.2289   0.03931   0.04899  0.007193
   233/299     9.27G   0.04032   0.04413  0.007579   0.09203       205       640    0.3149    0.5517    0.4627    0.2288    0.0393   0.04899  0.007198
   234/299     9.27G   0.04024   0.04396  0.007534   0.09173       306       640    0.3144    0.5513    0.4622     0.229    0.0393   0.04898  0.007202
   235/299     9.27G   0.04027   0.04397  0.007515   0.09175       212       640    0.3145    0.5508    0.4622    0.2291    0.0393   0.04898  0.007206
   236/299     9.27G   0.04025   0.04392  0.007507   0.09168       247       640    0.3148     0.552     0.463    0.2293   0.03929   0.04898  0.007209
   237/299     9.27G   0.04024    0.0439  0.007541   0.09168       276       640    0.3155    0.5529    0.4633    0.2292   0.03929   0.04897   0.00721
   238/299     9.27G   0.04019   0.04388  0.007464   0.09154       226       640    0.3148    0.5521    0.4632    0.2291   0.03929   0.04897  0.007211
   239/299     9.27G   0.04015   0.04384  0.007481   0.09148       245       640    0.3144     0.552    0.4633    0.2292   0.03929   0.04896  0.007214
   240/299     9.27G   0.04014   0.04381  0.007454   0.09141       184       640    0.3148    0.5518    0.4636    0.2294   0.03928   0.04896  0.007218
   241/299     9.27G   0.04011   0.04377  0.007436   0.09131       129       640    0.3151    0.5515    0.4637    0.2294   0.03928   0.04896   0.00722
   242/299     9.27G   0.04005   0.04377  0.007408   0.09122       236       640    0.3157    0.5526    0.4637    0.2294   0.03928   0.04897  0.007226
   243/299     9.27G   0.04008   0.04376  0.007404   0.09125       130       640    0.3157    0.5524    0.4636    0.2295   0.03927   0.04897   0.00723
   244/299     9.27G   0.04006   0.04362  0.007404   0.09108       252       640    0.3155    0.5526    0.4638    0.2296   0.03927   0.04898  0.007234
   245/299     9.27G   0.04003   0.04367  0.007379   0.09107       139       640    0.3156    0.5533     0.463    0.2295   0.03927   0.04898  0.007238
   246/299     9.27G   0.04005   0.04367  0.007402   0.09112       196       640    0.3152    0.5522    0.4636    0.2295   0.03927   0.04899  0.007243
   247/299     9.27G   0.04005   0.04363  0.007283   0.09096       231       640    0.3149    0.5526    0.4635    0.2294   0.03927   0.04901  0.007247
   248/299     9.27G   0.04002   0.04364  0.007307   0.09097       200       640    0.3151    0.5525    0.4635    0.2296   0.03927   0.04902  0.007251
   249/299     9.27G   0.04002   0.04357  0.007362   0.09096       170       640    0.3158    0.5529    0.4634    0.2294   0.03926   0.04902  0.007254
   250/299     9.27G   0.04001    0.0436  0.007337   0.09094       237       640    0.3153    0.5524    0.4633    0.2296   0.03926   0.04902  0.007256
   251/299     9.27G   0.03996   0.04356  0.007308   0.09082       290       640    0.3162    0.5526    0.4635    0.2296   0.03926   0.04902  0.007259
   252/299     9.27G   0.03996   0.04359  0.007319   0.09086       294       640    0.3155    0.5525    0.4637    0.2296   0.03926   0.04903  0.007263
   253/299     9.27G   0.03994   0.04354  0.007265   0.09075       276       640    0.3162    0.5524     0.464    0.2296   0.03925   0.04903  0.007266
   254/299     9.27G   0.03993   0.04343  0.007241    0.0906       254       640    0.3165    0.5529    0.4644    0.2296   0.03925   0.04904  0.007269
   255/299     9.27G   0.03987   0.04354  0.007212   0.09062       225       640    0.3162    0.5527    0.4643    0.2297   0.03924   0.04904  0.007272
   256/299     9.27G   0.03986   0.04351  0.007266   0.09063       219       640    0.3161     0.553    0.4643    0.2296   0.03924   0.04903  0.007278
   257/299     9.27G   0.03988   0.04333  0.007184   0.09039       273       640    0.3163     0.554    0.4644    0.2293   0.03924   0.04902  0.007283
   258/299     9.27G   0.03989   0.04342  0.007214   0.09052       161       640    0.3157    0.5541    0.4636    0.2291   0.03923   0.04901   0.00729
   259/299     9.27G   0.03982   0.04334    0.0072   0.09036       209       640    0.3155    0.5536    0.4631    0.2288   0.03923     0.049  0.007296
   260/299     9.27G   0.03977   0.04336  0.007211   0.09034       176       640    0.3156    0.5539    0.4631    0.2289   0.03922     0.049    0.0073
   261/299     9.27G   0.03981   0.04337  0.007162   0.09033       171       640    0.3164     0.555    0.4637    0.2289   0.03922     0.049  0.007305
   262/299     9.27G   0.03976    0.0434  0.007148    0.0903       191       640    0.3166    0.5551    0.4631    0.2288   0.03922     0.049   0.00731
   263/299     9.27G   0.03974   0.04327  0.007156   0.09016       280       640    0.3152    0.5536    0.4627    0.2286   0.03921     0.049  0.007316
   264/299     9.27G   0.03974   0.04335  0.007108    0.0902       316       640    0.3162    0.5535    0.4628     0.229   0.03921     0.049  0.007318
   265/299     9.27G    0.0397   0.04318  0.007137   0.09002       289       640    0.3164    0.5534    0.4629    0.2292   0.03921   0.04899  0.007325
   266/299     9.27G   0.03974   0.04327  0.007158   0.09017       230       640    0.3174    0.5542    0.4635    0.2293    0.0392   0.04899  0.007331
   267/299     9.27G   0.03969    0.0432  0.007084   0.08998       128       640    0.3171     0.554    0.4641    0.2294    0.0392     0.049  0.007341
   268/299     9.27G   0.03964   0.04309  0.007078    0.0898       299       640    0.3166    0.5546    0.4641    0.2294    0.0392   0.04899  0.007349
   269/299     9.27G   0.03966   0.04331  0.007126   0.09009       187       640    0.3156    0.5548    0.4647    0.2293    0.0392     0.049  0.007351
   270/299     9.27G   0.03966   0.04313   0.00703   0.08982       371       640    0.3165    0.5555    0.4652    0.2295   0.03919   0.04901  0.007357
   271/299     9.27G   0.03966   0.04307  0.007077   0.08981       220       640    0.3163    0.5553     0.465    0.2294   0.03919   0.04901  0.007361
   272/299     9.27G   0.03963   0.04302  0.007038   0.08969       150       640    0.3165    0.5551    0.4652    0.2292   0.03918     0.049  0.007363
   273/299     9.27G    0.0396   0.04309   0.00702   0.08972       277       640    0.3163    0.5541     0.465    0.2293   0.03918     0.049  0.007366
   274/299     9.27G   0.03958   0.04304  0.007021   0.08964       118       640    0.3157    0.5543    0.4646    0.2291   0.03918     0.049  0.007369
   275/299     9.27G   0.03958   0.04307  0.006989   0.08964       239       640    0.3162    0.5552    0.4646    0.2292   0.03917     0.049  0.007369
   276/299     9.27G   0.03957   0.04302  0.007001   0.08959       258       640    0.3168    0.5553    0.4645    0.2291   0.03917     0.049  0.007371
   277/299     9.27G   0.03953   0.04297  0.007022   0.08953       233       640    0.3173    0.5561    0.4653    0.2293   0.03917   0.04901  0.007372
   278/299     9.27G   0.03954   0.04301  0.006988   0.08954       254       640    0.3163    0.5553    0.4639     0.229   0.03917   0.04901  0.007379
   279/299     9.27G   0.03956   0.04294   0.00702   0.08952       101       640    0.3164    0.5554    0.4642    0.2291   0.03917     0.049  0.007384
   280/299     9.27G   0.03957   0.04298  0.006993   0.08954       164       640    0.3169    0.5557    0.4637    0.2291   0.03917     0.049  0.007389
   281/299     9.27G   0.03953   0.04299  0.006966   0.08948       216       640    0.3165    0.5544     0.463    0.2292   0.03917   0.04901  0.007392
   282/299     9.27G    0.0395   0.04281  0.006944   0.08926       271       640    0.3169    0.5542    0.4627     0.229   0.03917   0.04902  0.007394
   283/299     9.27G    0.0395   0.04279  0.006914    0.0892       129       640    0.3172    0.5545    0.4636    0.2291   0.03917   0.04902  0.007397
   284/299     9.27G    0.0395   0.04279  0.006902   0.08919       214       640    0.3164    0.5543    0.4633    0.2291   0.03916   0.04902  0.007402
   285/299     9.27G   0.03948    0.0429  0.006942   0.08932       285       640    0.3168    0.5547    0.4636     0.229   0.03916   0.04903  0.007408
   286/299     9.27G   0.03949   0.04292  0.006923   0.08933       303       640    0.3173    0.5555     0.464    0.2291   0.03916   0.04903  0.007408
   287/299     9.27G   0.03941    0.0428  0.006891    0.0891       198       640    0.3172    0.5552    0.4634    0.2288   0.03916   0.04904  0.007408
   288/299     9.27G   0.03948   0.04286  0.006879   0.08921       166       640    0.3169    0.5551    0.4634    0.2289   0.03916   0.04905  0.007413
   289/299     9.27G   0.03948   0.04281  0.006874   0.08916       236       640    0.3169    0.5553    0.4637    0.2291   0.03916   0.04906  0.007422
   290/299     9.27G   0.03942    0.0428  0.006872    0.0891       142       640    0.3186    0.5567    0.4647     0.229   0.03916   0.04906  0.007431
   291/299     9.27G   0.03943    0.0428  0.006883   0.08911       225       640    0.3182    0.5568    0.4651     0.229   0.03915   0.04906  0.007435
   292/299     9.27G   0.03946   0.04269  0.006858   0.08901       305       640    0.3185    0.5571     0.465    0.2292   0.03915   0.04907   0.00744
   293/299     9.27G   0.03945   0.04275  0.006869   0.08907       237       640     0.318    0.5574    0.4655    0.2292   0.03915   0.04908  0.007442
   294/299     9.27G   0.03944   0.04278  0.006858   0.08908       170       640    0.3181    0.5573    0.4658    0.2291   0.03915   0.04908  0.007445
   295/299     9.27G   0.03947   0.04281  0.006883   0.08917       179       640    0.3172    0.5562    0.4658    0.2295   0.03915   0.04907  0.007442
   296/299     9.27G   0.03942   0.04266  0.006839   0.08892       247       640    0.3173    0.5564    0.4658    0.2296   0.03914   0.04906  0.007441
   297/299     9.27G   0.03945   0.04274  0.006864   0.08905       200       640    0.3173    0.5572    0.4658    0.2297   0.03914   0.04907  0.007443
   298/299     9.27G    0.0394    0.0427  0.006866   0.08896       219       640    0.3172    0.5573    0.4648    0.2293   0.03914   0.04907  0.007447
   299/299     9.27G    0.0394   0.04278  0.006782   0.08896       233       640    0.3181    0.5576    0.4657    0.2295   0.03914   0.04908  0.007446
